51.5336 46.0343 50
51.6000 45.9000 100
51.6500 45.8500 150
51.7000 45.8000 200
51.7514 45.0095 250
51.8000 44.9500 300
51.8500 44.9000 350
52.0000 44.5000 400
52.0480 43.8000 500
52.1000 43.7000 500
52.2000 43.6000 480
52.2500 43.5500 470
52.5000 43.2000 450
53.2038 44.0047 400
53.3000 43.9000 400
53.4000 43.8000 390
53.5000 43.7000 380
53.7000 41.5000 380
53.8000 41.3000 370
54.3197 40.7000 360
54.4000 40.5000 350
54.5000 40.4000 340
54.9000 39.5000 330
55.3066 38.7736 300
55.4000 38.2000 280
55.5000 38.0000 250
55.6000 37.8000 200
55.7000 37.7000 150
55.7558 37.6173 100
55.7558 37.6173 50